date,daily_18_24,total_18_24,people_18_24,coverage_people_18_24,fully_18_24,coverage_fully_18_24,daily_25_34,total_25_34,people_25_34,coverage_people_25_34,fully_25_34,coverage_fully_25_34,daily_35_44,total_35_44,people_35_44,coverage_people_35_44,fully_35_44,coverage_fully_35_44,daily_45_54,total_45_54,people_45_54,coverage_people_45_54,fully_45_54,coverage_fully_45_54,daily_55_64,total_55_64,people_55_64,coverage_people_55_64,fully_55_64,coverage_fully_55_64,daily_65_74,total_65_74,people_65_74,coverage_people_65_74,fully_65_74,coverage_fully_65_74,daily_75_115,total_75_115,people_75_115,coverage_people_75_115,fully_75_115,coverage_fully_75_115,daily_undefined,total_undefined,daily_18_49,total_18_49,daily_50_70,total_50_70,daily_71_79,total_71_79,daily_80_115,total_80_115
2021-02-27,33,33,,,,,82,82,,,,,133,133,,,,,101,101,,,,,24,24,,,,,0,0,,,,,0,0,,,,,0,0,304,304,69,69,0,0,0,0
2021-02-28,0,33,,,,,1,83,,,,,0,133,,,,,0,101,,,,,0,24,,,,,0,0,,,,,0,0,,,,,0,0,1,305,0,69,0,0,0,0
2021-03-01,1129,1162,,,,,4429,4512,,,,,6062,6195,,,,,4765,4866,,,,,1639,1663,,,,,0,0,,,,,0,0,,,,,0,0,14358,14663,3666,3735,0,0,0,0
2021-03-02,1244,2406,,,,,3896,8408,,,,,4822,11017,,,,,3578,8444,,,,,1188,2851,,,,,2,2,,,,,2,2,,,,,0,0,12029,26692,2700,6435,2,2,1,1
2021-03-03,1743,4149,,,,,5581,13989,,,,,7062,18079,,,,,5189,13633,,,,,1722,4573,,,,,1,3,,,,,2,4,,,,,2,2,17332,44024,3965,10400,1,3,2,3
2021-03-04,826,4975,,,,,2578,16567,,,,,2862,20941,,,,,2083,15716,,,,,622,5195,,,,,0,3,,,,,0,4,,,,,2,4,7479,51503,1492,11892,0,3,0,3
2021-03-05,760,5735,,,,,2748,19315,,,,,2831,23772,,,,,2135,17851,,,,,720,5915,,,,,4,7,,,,,0,4,,,,,0,4,7570,59073,1627,13519,1,4,0,3
2021-03-06,0,5735,,,,,0,19315,,,,,0,23772,,,,,1,17852,,,,,0,5915,,,,,0,7,,,,,0,4,,,,,0,4,0,59073,1,13520,0,4,0,3
2021-03-07,0,5735,,,,,0,19315,,,,,0,23772,,,,,0,17852,,,,,0,5915,,,,,0,7,,,,,0,4,,,,,0,4,0,59073,0,13520,0,4,0,3
2021-03-08,137,5872,,,,,684,19999,,,,,897,24669,,,,,683,18535,,,,,25750,31665,,,,,2,9,,,,,3,7,,,,,8,12,2087,61160,26065,39585,2,6,2,5
2021-03-09,413,6285,,,,,1152,21151,,,,,1288,25957,,,,,1042,19577,,,,,17953,49618,,,,,1,10,,,,,4,11,,,,,0,12,3432,64592,18416,58001,3,9,2,7
2021-03-10,596,6881,,,,,1852,23003,,,,,1895,27852,,,,,1617,21194,,,,,19222,68840,,,,,6,16,,,,,2,13,,,,,8,20,5213,69805,19973,77974,2,11,2,9
2021-03-11,823,7704,,,,,2227,25230,,,,,2678,30530,,,,,3463,24657,,,,,13153,81993,,,,,81,97,,,,,6,19,,,,,6,26,7341,77146,15075,93049,13,24,2,11
2021-03-12,599,8303,,,,,5700,30930,,,,,7386,37916,,,,,5578,30235,,,,,3031,85024,,,,,424,521,,,,,36,55,,,,,0,26,16744,93890,5916,98965,85,109,9,20
2021-03-13,260,8563,,,,,2346,33276,,,,,3310,41226,,,,,2593,32828,,,,,1592,86616,,,,,303,824,,,,,25,80,,,,,0,26,7331,101221,3016,101981,72,181,10,30
2021-03-14,0,8563,,,,,0,33276,,,,,1,41227,,,,,0,32828,,,,,0,86616,,,,,0,824,,,,,0,80,,,,,0,26,1,101222,0,101981,0,181,0,30
2021-03-15,234,8797,,,,,1613,34889,,,,,2128,43355,,,,,2863,35691,,,,,2831,89447,,,,,1575,2399,,,,,37,117,,,,,2,28,4838,106060,6378,108359,54,235,11,41
2021-03-16,75,8872,,,,,281,35170,,,,,413,43768,,,,,1496,37187,,,,,2154,91601,,,,,1505,3904,,,,,745,862,,,,,18,46,976,107036,4878,113237,206,441,609,650
2021-03-17,418,9290,,,,,1032,36202,,,,,524,44292,,,,,1488,38675,,,,,2254,93855,,,,,1635,5539,,,,,535,1397,,,,,16,62,2111,109147,5168,118405,185,626,422,1072
2021-03-18,241,9531,,,,,496,36698,,,,,284,44576,,,,,9273,47948,,,,,14320,108175,,,,,11832,17371,,,,,78,1475,,,,,12,74,1108,110255,35315,153720,32,658,69,1141
2021-03-19,444,9975,,,,,823,37521,,,,,422,44998,,,,,9068,57016,,,,,13880,122055,,,,,11603,28974,,,,,74,1549,,,,,6,80,1800,112055,34415,188135,44,702,55,1196
2021-03-20,15,9990,,,,,39,37560,,,,,47,45045,,,,,3224,60240,,,,,4938,126993,,,,,4212,33186,,,,,12,1561,,,,,2,82,135,112190,12331,200466,13,715,8,1204
2021-03-21,0,9990,,,,,0,37560,,,,,1,45046,,,,,1,60241,,,,,4,126997,,,,,5,33191,,,,,9,1570,,,,,0,82,1,112191,10,200476,0,715,9,1213
2021-03-22,491,10481,,,,,1579,39139,,,,,1738,46784,,,,,6500,66741,,,,,9368,136365,,,,,7907,41098,,,,,11127,12697,,,,,168,250,4643,116834,22411,222887,1343,2058,10313,11526
2021-03-23,830,11311,,,,,1937,41076,,,,,1995,48779,,,,,6265,73006,,,,,8545,144910,,,,,7010,48108,,,,,9859,22556,,,,,126,376,5762,122596,20354,243241,1223,3281,9102,20628
2021-03-24,1303,12614,,,,,2247,43323,,,,,2585,51364,,,,,6526,79532,,,,,8815,153725,,,,,6752,54860,,,,,7170,29726,,,,,64,440,7381,129977,20649,263890,437,3718,6931,27559
2021-03-25,1752,14366,,,,,2871,46194,,,,,3083,54447,,,,,8598,88130,,,,,11448,165173,,,,,9093,63953,,,,,6635,36361,,,,,36,476,9149,139126,27581,291471,277,3995,6473,34032
2021-03-26,1709,16075,,,,,2842,49036,,,,,3192,57639,,,,,8264,96394,,,,,10749,175922,,,,,8383,72336,,,,,6233,42594,,,,,28,504,9358,148484,25633,317104,300,4295,6081,40113
2021-03-27,392,16467,,,,,612,49648,,,,,752,58391,,,,,2635,99029,,,,,3602,179524,,,,,2846,75182,,,,,2419,45013,,,,,10,514,2112,150596,8687,325791,76,4371,2383,42496
2021-03-28,1,16468,,,,,0,49648,,,,,1,58392,,,,,2,99031,,,,,0,179524,,,,,2,75184,,,,,4,45017,,,,,0,514,3,150599,3,325794,0,4371,4,42500
2021-03-29,5990,22458,,,,,11985,61633,,,,,13922,72314,,,,,10082,109113,,,,,4264,183788,,,,,1922,77106,,,,,6200,51217,,,,,32,546,38373,188972,9667,335461,275,4646,6050,48550
2021-03-30,6429,28887,,,,,11814,73447,,,,,13258,85572,,,,,9113,118226,,,,,3677,187465,,,,,1780,78886,,,,,6072,57289,,,,,60,606,37535,226507,8382,343843,334,4980,5892,54442
2021-03-31,6735,35622,,,,,13247,86694,,,,,15301,100873,,,,,10795,129021,,,,,4165,191630,,,,,1929,80815,,,,,5818,63107,,,,,26,632,42194,268701,9750,353593,443,5423,5603,60045
2021-04-01,6155,41777,,,,,10722,97416,,,,,11576,112449,,,,,8201,137222,,,,,3213,194843,,,,,2507,83322,,,,,5545,68652,,,,,36,668,34118,302819,7531,361124,1403,6826,4867,64912
2021-04-02,6133,47910,,,,,10858,108274,,,,,11447,123896,,,,,8243,145465,,,,,3629,198472,,,,,3500,86822,,,,,5310,73962,,,,,10,678,34005,336824,8196,369320,3108,9934,3811,68723
2021-04-03,1620,49530,,,,,2525,110799,,,,,2654,126550,,,,,1878,147343,,,,,1021,199493,,,,,780,87602,,,,,1872,75834,,,,,10,688,8086,344910,2253,371573,260,10194,1751,70474
2021-04-04,1,49531,,,,,0,110799,,,,,0,126550,,,,,1,147344,,,,,0,199493,,,,,4,87606,,,,,0,75834,,,,,0,688,1,344911,4,371577,1,10195,0,70474
2021-04-05,220,49751,,,,,890,111689,,,,,1148,127698,,,,,3428,150772,,,,,29301,228794,,,,,3179,90785,,,,,206,76040,,,,,4,692,2767,347678,35255,406832,261,10456,89,70563
2021-04-06,494,50245,,,,,1338,113027,,,,,1528,129226,,,,,7080,157852,,,,,26429,255223,,,,,7163,97948,,,,,93,76133,,,,,0,692,4083,351761,39862,446694,139,10595,41,70604
2021-04-07,617,50862,,,,,1940,114967,,,,,1978,131204,,,,,7581,165433,,,,,28049,283272,,,,,5948,103896,,,,,16,76149,,,,,12,704,5468,357229,40619,487313,34,10629,8,70612
2021-04-08,1170,52032,,,,,2784,117751,,,,,4740,135944,,,,,10975,176408,,,,,22430,305702,,,,,6501,110397,,,,,30,76179,,,,,22,726,12199,369428,36365,523678,53,10682,13,70625
2021-04-09,1512,53544,,,,,8192,125943,,,,,10782,146726,,,,,8771,185179,,,,,6388,312090,,,,,3256,113653,,,,,746,76925,,,,,24,750,25191,394619,13145,536823,1022,11704,289,70914
2021-04-10,347,53891,,,,,2375,128318,,,,,3699,150425,,,,,3466,188645,,,,,2458,314548,,,,,7832,121485,,,,,6795,83720,,,,,8,758,8352,402971,5007,541830,13425,25129,188,71102
2021-04-11,2,53893,,,,,1,128319,,,,,151,150576,,,,,186,188831,,,,,16,314564,,,,,12,121497,,,,,1,83721,,,,,0,758,338,403309,29,541859,1,25130,1,71103
2021-04-12,546,54439,,,,,1845,130164,,,,,3553,154129,,,,,7300,196131,,,,,15998,330562,,,,,15019,136516,,,,,8710,92431,,,,,64,822,8225,411534,35706,577565,590,25720,8450,79553
2021-04-13,1329,55768,,,,,3156,133320,,,,,5672,159801,,,,,10087,206218,,,,,15278,345840,,,,,12636,149152,,,,,9090,101521,,,,,66,888,13605,425139,33340,610905,2420,28140,7883,87436
2021-04-14,1759,57527,,,,,3719,137039,,,,,7126,166927,,,,,11831,218049,,,,,13665,359505,,,,,11687,160839,,,,,7433,108954,,,,,66,954,17871,443010,29352,640257,4921,33061,5076,92512
2021-04-15,1445,58972,,,,,3286,140325,,,,,5656,172583,,,,,13222,231271,,,,,16585,376090,,,,,16552,177391,,,,,6622,115576,,,,,24,978,14087,457097,39627,679884,5867,38928,3787,96299
2021-04-16,1932,60904,,,,,3720,144045,,,,,5664,178247,,,,,13077,244348,,,,,15653,391743,,,,,15794,193185,,,,,6241,121817,,,,,38,1016,14910,472007,37658,717542,6387,45315,3126,99425
2021-04-17,553,61457,,,,,680,144725,,,,,766,179013,,,,,3105,247453,,,,,5135,396878,,,,,12262,205447,,,,,12436,134253,,,,,46,1062,2438,474445,12277,729819,15324,60639,4898,104323
2021-04-18,4,61461,,,,,11,144736,,,,,20,179033,,,,,21,247474,,,,,1583,398461,,,,,7816,213263,,,,,6164,140417,,,,,6,1068,43,474488,3543,733362,11657,72296,376,104699
2021-04-19,655,62116,,,,,1711,146447,,,,,1840,180873,,,,,6450,253924,,,,,9773,408234,,,,,9182,222445,,,,,9216,149633,,,,,52,1120,5037,479525,23171,756533,2879,75175,7740,112439
2021-04-20,1187,63303,,,,,2644,149091,,,,,2919,183792,,,,,7883,261807,,,,,10416,418650,,,,,9129,231574,,,,,11159,160792,,,,,156,1276,8398,487923,24204,780737,3355,78530,9380,121819
2021-04-21,1707,65010,,,,,3106,152197,,,,,3994,187786,,,,,8400,270207,,,,,10357,429007,,,,,8932,240506,,,,,9777,170569,,,,,80,1356,11119,499042,23987,804724,2838,81368,8329,130148
2021-04-22,1880,66890,,,,,3346,155543,,,,,3999,191785,,,,,9818,280025,,,,,12576,441583,,,,,11339,251845,,,,,8017,178586,,,,,28,1384,11396,510438,29976,834700,3117,84485,6486,136634
2021-04-23,1725,68615,,,,,3077,158620,,,,,4149,195934,,,,,9646,289671,,,,,11818,453401,,,,,11374,263219,,,,,9110,187696,,,,,42,1426,11380,521818,27654,862354,5530,90015,6335,142969
2021-04-24,411,69026,,,,,699,159319,,,,,830,196764,,,,,3369,293040,,,,,4685,458086,,,,,6468,269687,,,,,5799,193495,,,,,16,1442,2353,524171,10789,873143,6658,96673,2461,145430
2021-04-25,0,69026,,,,,5,159324,,,,,7,196771,,,,,189,293229,,,,,262,458348,,,,,47,269734,,,,,0,193495,,,,,0,1442,15,524186,495,873638,0,96673,0,145430
2021-04-26,4783,73809,,,,,7721,167045,,,,,8230,205001,,,,,6564,299793,,,,,4394,462742,,,,,4836,274570,,,,,8621,202116,,,,,40,1482,24668,548854,9499,883137,4736,101409,6246,151676
2021-04-27,5170,78979,,,,,7980,175025,,,,,8684,213685,,,,,6867,306660,,,,,4176,466918,,,,,3967,278537,,,,,8143,210259,,,,,52,1534,25921,574775,8868,892005,4265,105674,5933,157609
2021-04-28,4923,83902,,,,,7861,182886,,,,,8546,222231,,,,,6859,313519,,,,,3675,470593,,,,,4227,282764,,,,,8106,218365,,,,,24,1558,25610,600385,8202,900207,4609,110283,5776,163385
2021-04-29,5293,89195,,,,,8259,191145,,,,,9148,231379,,,,,7405,320924,,,,,3629,474222,,,,,4613,287377,,,,,7579,225944,,,,,44,1602,27509,627894,8215,908422,5257,115540,4945,168330
2021-04-30,5589,94784,,,,,8575,199720,,,,,9108,240487,,,,,7200,328124,,,,,3849,478071,,,,,5469,292846,,,,,7462,233406,,,,,22,1624,27963,655857,8421,916843,6840,122380,4028,172358
2021-05-01,2,94786,,,,,8,199728,,,,,4,240491,,,,,4,328128,,,,,6,478077,,,,,13,292859,,,,,5,233411,,,,,0,1624,14,655871,17,916860,10,122390,1,172359
2021-05-02,10,94796,,,,,20,199748,,,,,10,240501,,,,,70,328198,,,,,45,478122,,,,,13,292872,,,,,2,233413,,,,,0,1624,48,655919,118,916978,3,122393,1,172360
2021-05-03,1610,96406,,,,,2894,202642,,,,,3042,243543,,,,,4542,332740,,,,,4987,483109,,,,,8985,301857,,,,,6301,239714,,,,,12,1636,9040,664959,11529,928507,10908,133301,884,173244
2021-05-04,196,96602,,,,,1070,203712,,,,,1219,244762,,,,,5818,338558,,,,,8506,491615,,,,,11493,313350,,,,,5551,245265,,,,,14,1650,2800,667759,20698,949205,9539,142840,816,174060
2021-05-05,210,96812,,,,,730,204442,,,,,897,245659,,,,,6035,344593,,,,,9361,500976,,,,,9980,323330,,,,,4944,250209,,,,,16,1666,2075,669834,21093,970298,8232,151072,757,174817
2021-05-06,716,97528,,,,,1306,205748,,,,,2755,248414,,,,,7574,352167,,,,,9595,510571,,,,,10064,333394,,,,,4532,254741,,,,,28,1694,6805,676639,21505,991803,7375,158447,857,175674
2021-05-07,956,98484,,,,,1559,207307,,,,,1843,250257,,,,,1872,354039,,,,,2539,513110,,,,,5644,339038,,,,,4410,259151,,,,,18,1712,5305,681944,5638,997441,7134,165581,746,176420
2021-05-08,93,98577,,,,,206,207513,,,,,638,250895,,,,,949,354988,,,,,884,513994,,,,,2481,341519,,,,,1838,260989,,,,,0,1712,1488,683432,1997,999438,3559,169140,45,176465
2021-05-09,0,98577,,,,,1,207514,,,,,136,251031,,,,,184,355172,,,,,13,514007,,,,,10,341529,,,,,1,260990,,,,,0,1712,317,683749,27,999465,0,169140,1,176466
2021-05-10,611,99188,,,,,1978,209492,,,,,3662,254693,,,,,5976,361148,,,,,13988,527995,,,,,14966,356495,,,,,2718,263708,,,,,10,1722,8579,692328,30382,1029847,4461,173601,477,176943
2021-05-11,1180,100368,,,,,2791,212283,,,,,5024,259717,,,,,8570,369718,,,,,11670,539665,,,,,10561,367056,,,,,2734,266442,,,,,20,1742,12165,704493,26013,1055860,3090,176691,1262,178205
2021-05-12,1585,101953,,,,,3910,216193,,,,,7653,267370,,,,,11069,380787,,,,,10642,550307,,,,,7338,374394,,,,,1894,268336,,,,,24,1766,18543,723036,22966,1078826,1240,177931,1342,179547
2021-05-13,1666,103619,,,,,5465,221658,,,,,10790,278160,,,,,20514,401301,,,,,13402,563709,,,,,7133,381527,,,,,2940,271276,,,,,28,1794,30326,753362,27708,1106534,1776,179707,2100,181647
2021-05-14,1594,105213,,,,,5332,226990,,,,,13015,291175,,,,,25329,426630,,,,,9613,573322,,,,,3848,385375,,,,,1532,272808,,,,,16,1810,38496,791858,19642,1126176,1248,180955,877,182524
2021-05-15,525,105738,,,,,1303,228293,,,,,3992,295167,,,,,9728,436358,,,,,4283,577605,,,,,1192,386567,,,,,87,272895,,,,,2,1812,11521,803379,9398,1135574,178,181133,13,182537
2021-05-16,0,105738,,,,,1,228294,,,,,1,295168,,,,,101,436459,,,,,2,577607,,,,,0,386567,,,,,0,272895,,,,,0,1812,80,803459,25,1135599,0,181133,0,182537
2021-05-17,431,106169,,15.94%,,13.68%,2155,230449,,24.85%,,20.39%,7592,302760,,37.18%,,28.10%,18354,454813,,65.79%,,43.98%,5199,582806,,0.8524109959,,0.7073730123,1342,387909,,0.8701182282,,0.5231560151,297,273192,,0.8322460704,,0.3073911551,12,1824,23305,826764,11631,1147230,260,181393,174,182711
