date,daily_18_24,total_18_24,daily_25_34,total_25_34,daily_35_44,total_35_44,daily_45_54,total_45_54,daily_55_64,total_55_64,daily_65_74,total_65_74,daily_75_115,total_75_115,daily_undefined,total_undefined,daily_18_49,total_18_49,daily_50_70,total_50_70,daily_71_79,total_71_79,daily_80_115,total_80_115
2021-02-27,0,3,0,2,0,5,0,21,0,90,0,116,2,367,0,0,0,18,0,172,0,134,2,280
2021-02-28,0,3,0,2,0,5,0,21,1,91,1,117,3,370,0,0,0,18,1,173,1,135,3,283
2021-03-01,0,3,0,2,0,5,1,22,0,91,1,118,1,371,0,0,0,18,2,175,1,136,0,283
2021-03-02,0,3,0,2,0,5,0,22,0,91,2,120,5,376,0,0,0,18,2,177,3,139,2,285
2021-03-03,0,3,0,2,0,5,0,22,1,92,1,121,4,380,0,0,0,18,1,178,1,140,4,289
2021-03-04,0,3,0,2,0,5,0,22,0,92,2,123,5,385,0,0,0,18,1,179,2,142,4,293
2021-03-05,0,3,0,2,0,5,0,22,1,93,0,123,5,390,0,0,0,18,1,180,0,142,5,298
2021-03-06,0,3,0,2,1,6,0,22,2,95,0,123,5,395,0,0,1,19,2,182,1,143,4,302
2021-03-07,0,3,0,2,0,6,1,23,0,95,2,125,3,398,0,0,0,19,1,183,2,145,3,305
2021-03-08,0,3,0,2,0,6,0,23,0,95,2,127,5,403,0,0,0,19,2,185,1,146,4,309
2021-03-09,0,3,0,2,0,6,1,24,1,96,2,129,4,407,0,0,0,19,3,188,3,149,2,311
2021-03-10,0,3,0,2,0,6,0,24,1,97,3,132,8,415,0,0,0,19,2,190,4,153,6,317
2021-03-11,0,3,0,2,0,6,0,24,1,98,3,135,1,416,0,0,0,19,4,194,0,153,1,318
2021-03-12,0,3,0,2,0,6,0,24,1,99,1,136,4,420,0,0,0,19,2,196,1,154,3,321
2021-03-13,0,3,0,2,0,6,1,25,0,99,3,139,5,425,0,0,1,20,0,196,5,159,3,324
2021-03-14,0,3,0,2,1,7,1,26,1,100,4,143,7,432,0,0,2,22,3,199,4,163,5,329
2021-03-15,0,3,0,2,0,7,0,26,0,100,1,144,4,436,0,0,0,22,1,200,0,163,4,333
2021-03-16,0,3,0,2,0,7,0,26,1,101,2,146,5,441,0,0,0,22,1,201,3,166,4,337
2021-03-17,0,3,0,2,1,8,0,26,2,103,4,150,8,449,0,0,1,23,5,206,2,168,7,344
2021-03-18,0,3,1,3,0,8,0,26,0,103,2,152,6,455,0,0,1,24,1,207,1,169,6,350
2021-03-19,0,3,1,4,0,8,2,28,1,104,2,154,5,460,0,0,2,26,4,211,2,171,3,353
2021-03-20,0,3,1,5,1,9,1,29,2,106,4,158,7,467,0,0,3,29,3,214,5,176,5,358
2021-03-21,0,3,0,5,0,9,2,31,2,108,7,165,5,472,0,0,2,31,6,220,5,181,3,361
2021-03-22,0,3,1,6,0,9,2,33,4,112,5,170,7,479,0,0,2,33,8,228,3,184,6,367
2021-03-23,0,3,0,6,0,9,0,33,0,112,0,170,0,479,0,0,0,33,0,228,0,184,0,367
2021-03-24,0,3,0,6,1,10,2,35,4,116,8,178,17,496,0,0,1,34,10,238,6,190,15,382
2021-03-25,0,3,0,6,0,10,1,36,4,120,0,178,7,503,0,0,0,34,5,243,2,192,5,387
2021-03-26,0,3,0,6,0,10,1,37,2,122,4,182,12,515,0,0,0,34,6,249,4,196,9,396
2021-03-27,0,3,0,6,1,11,0,37,2,124,6,188,17,532,0,0,1,35,5,254,4,200,16,412
2021-03-28,0,3,0,6,0,11,0,37,1,125,3,191,10,542,0,0,0,35,2,256,4,204,8,420
2021-03-29,0,3,0,6,0,11,0,37,0,125,3,194,10,552,0,0,0,35,2,258,2,206,9,429
2021-03-30,1,4,1,7,1,12,3,40,4,129,1,195,14,566,0,0,4,39,6,264,6,212,9,438
2021-03-31,0,4,0,7,0,12,2,42,2,131,3,198,14,580,0,0,1,40,5,269,6,218,9,447
2021-04-01,1,5,0,7,1,13,2,44,6,137,5,203,20,600,0,0,3,43,11,280,4,222,17,464
2021-04-02,0,5,0,7,2,15,0,44,6,143,9,212,15,615,0,0,2,45,14,294,5,227,11,475
2021-04-03,0,5,0,7,1,16,0,44,3,146,9,221,17,632,0,0,1,46,8,302,8,235,13,488
2021-04-04,0,5,2,9,1,17,2,46,4,150,4,225,17,649,0,0,5,51,7,309,3,238,15,503
2021-04-05,0,5,0,9,1,18,2,48,6,156,9,234,27,676,0,0,1,52,15,324,7,245,22,525
2021-04-06,0,5,0,9,1,19,0,48,4,160,11,245,29,705,0,0,1,53,9,333,10,255,25,550
2021-04-07,0,5,0,9,0,19,3,51,4,164,11,256,22,727,0,0,1,54,15,348,6,261,18,568
2021-04-08,0,5,0,9,0,19,1,52,5,169,8,264,30,757,0,0,0,54,12,360,10,271,22,590
2021-04-09,0,5,0,9,0,19,6,58,9,178,12,276,25,782,0,0,1,55,20,380,14,285,17,607
2021-04-10,0,5,1,10,1,20,3,61,7,185,12,288,28,810,0,0,3,58,16,396,9,294,24,631
2021-04-11,0,5,0,10,0,20,3,64,6,191,15,303,24,834,0,0,1,59,17,413,14,308,16,647
2021-04-12,0,5,0,10,0,20,2,66,8,199,17,320,44,878,0,0,1,60,20,433,13,321,37,684
2021-04-13,0,5,0,10,3,23,4,70,6,205,28,348,22,900,0,0,5,65,27,460,15,336,16,700
2021-04-14,0,5,1,11,1,24,5,75,8,213,13,361,24,924,0,0,6,71,18,478,9,345,19,719
2021-04-15,0,5,0,11,1,25,7,82,11,224,27,388,33,957,0,0,3,74,35,513,17,362,24,743
2021-04-16,0,5,1,12,1,26,2,84,12,236,18,406,28,985,0,0,2,76,24,537,13,375,23,766
2021-04-17,0,5,0,12,2,28,1,85,11,247,11,417,35,1020,0,0,3,79,18,555,15,390,24,790
2021-04-18,0,5,0,12,1,29,5,90,4,251,19,436,29,1049,2,2,2,81,16,571,21,411,19,809
2021-04-19,0,5,0,12,0,29,6,96,4,255,23,459,30,1079,0,2,1,82,22,593,18,429,22,831
2021-04-20,0,5,1,13,0,29,3,99,7,262,15,474,25,1104,0,2,3,85,19,612,9,438,20,851
2021-04-21,0,5,0,13,0,29,6,105,15,277,14,488,26,1130,0,2,1,86,30,642,12,450,18,869
2021-04-22,0,5,1,14,0,29,9,114,13,290,19,507,35,1165,0,2,4,90,30,672,16,466,27,896
2021-04-23,1,6,0,14,1,30,3,117,8,298,23,530,30,1195,2,4,3,93,26,698,16,482,21,917
2021-04-24,0,6,0,14,3,33,1,118,7,305,15,545,30,1225,0,4,3,96,17,715,14,496,22,939
2021-04-25,0,6,1,15,1,34,2,120,6,311,14,559,19,1244,0,4,2,98,18,733,9,505,14,953
2021-04-26,0,6,1,16,3,37,3,123,9,320,18,577,31,1275,0,4,5,103,28,761,17,522,15,968
2021-04-27,0,6,1,17,0,37,2,125,13,333,11,588,35,1310,0,4,2,105,19,780,20,542,21,989
2021-04-28,0,6,1,18,2,39,2,127,4,337,9,597,28,1338,0,4,5,110,10,790,14,556,17,1006
2021-04-29,0,6,0,18,0,39,3,130,9,346,12,609,42,1380,0,4,0,110,18,808,15,571,33,1039
2021-04-30,0,6,2,20,0,39,6,136,8,354,14,623,23,1403,0,4,4,114,22,830,11,582,16,1055
2021-05-01,0,6,0,20,2,41,3,139,8,362,11,634,29,1432,0,4,3,117,14,844,18,600,18,1073
2021-05-02,0,6,0,20,2,43,3,142,13,375,19,653,19,1451,0,4,3,120,24,868,20,620,9,1082
2021-05-03,0,6,2,22,4,47,4,146,14,389,16,669,32,1483,0,4,6,126,26,894,21,641,19,1101
2021-05-04,0,6,0,22,2,49,7,153,10,399,15,684,30,1513,2,6,5,131,19,913,21,662,19,1120
2021-05-05,0,6,0,22,1,50,7,160,8,407,17,701,24,1537,0,6,2,133,22,935,17,679,16,1136
2021-05-06,0,6,1,23,2,52,9,169,10,417,17,718,15,1552,0,6,7,140,24,959,14,693,9,1145
2021-05-07,1,7,0,23,3,55,4,173,13,430,11,729,28,1580,0,6,5,145,22,981,15,708,18,1163
2021-05-08,0,7,1,24,1,56,6,179,6,436,15,744,22,1602,0,6,5,150,16,997,18,726,12,1175
2021-05-09,0,7,1,25,0,56,4,183,7,443,12,756,16,1618,0,6,2,152,14,1011,9,735,15,1190
2021-05-10,0,7,0,25,0,56,3,186,5,448,18,774,23,1641,0,6,2,154,14,1025,14,749,19,1209
2021-05-11,0,7,0,25,1,57,0,186,4,452,9,783,23,1664,0,6,1,155,9,1034,9,758,18,1227
2021-05-12,0,7,0,25,1,58,1,187,7,459,10,793,25,1689,0,6,2,157,12,1046,15,773,15,1242
2021-05-13,0,7,1,26,1,59,2,189,8,467,23,816,31,1720,0,6,2,159,23,1069,18,791,23,1265
2021-05-14,0,7,2,28,2,61,3,192,9,476,11,827,24,1744,0,6,5,164,16,1085,14,805,16,1281
2021-05-15,0,7,1,29,1,62,0,192,10,486,18,845,20,1764,0,6,2,166,21,1106,15,820,12,1293
2021-05-16,1,8,0,29,3,65,6,198,3,489,10,855,17,1781,0,6,7,173,11,1117,12,832,10,1303
