date,daily_teachers,total_teachers,daily_elepem,total_elepem,daily_chronic,total_chronic,daily_undefined,total_undefined,daily_dialysis,total_dialysis,daily_health,total_health,daily_deprived_liberty,total_deprived_liberty,daily_essential,total_essential,daily_no_risk,total_no_risk,daily_pregnant,total_pregnant
2021-02-27,0,0,0,0,0,0,0,0,0,0,313,313,3,3,58,58,0,0,0,0
2021-02-28,0,0,0,0,0,0,0,0,0,0,1,314,0,3,0,58,0,0,0,0
2021-03-01,11611,11611,140,140,2,2,1,1,0,0,196,510,7,10,6055,6113,13,13,0,0
2021-03-02,8597,20208,30,170,2,4,0,1,0,0,83,593,0,10,6013,12126,9,22,0,0
2021-03-03,12181,32389,70,240,1,5,0,1,0,0,105,698,3,13,8919,21045,19,41,0,0
2021-03-04,4544,36933,66,306,1,6,0,1,10,10,39,737,0,13,4307,25352,7,48,0,0
2021-03-05,5072,42005,21,327,3,9,1,2,142,152,39,776,4,17,3910,29262,8,56,0,0
2021-03-06,0,42005,0,327,1,10,0,2,0,152,0,776,0,17,0,29262,0,56,0,0
2021-03-07,0,42005,0,327,0,10,0,2,0,152,0,776,0,17,0,29262,0,56,0,0
2021-03-08,1582,43587,24,351,5275,5285,0,2,144,296,349,1125,8,25,1584,30846,19193,19249,0,0
2021-03-09,2616,46203,13,364,4205,9490,0,2,124,420,255,1380,6,31,1178,32024,13454,32703,0,0
2021-03-10,3628,49831,21,385,5242,14732,0,2,142,562,412,1792,3,34,1854,33878,13892,46595,0,0
2021-03-11,2408,52239,18,403,6508,21240,6,8,70,632,1067,2859,5,39,2361,36239,9995,56590,0,0
2021-03-12,8,52247,0,403,115,21355,1615,1623,0,632,20242,23101,544,583,213,36452,41,56631,0,0
2021-03-13,0,52247,3,406,28,21383,31,1654,0,632,10288,33389,16,599,63,36515,11,56642,0,0
2021-03-14,0,52247,0,406,0,21383,0,1654,0,632,0,33389,0,599,0,36515,0,56642,0,0
2021-03-15,195,52442,1,407,1713,23096,19,1673,19,651,6401,39790,8,607,307,36822,3009,59651,0,0
2021-03-16,3,52445,896,1303,1450,24546,5,1678,4,655,1127,40917,9,616,270,37092,2955,62606,0,0
2021-03-17,1,52446,705,2008,1510,26056,1,1679,15,670,663,41580,1656,2272,22,37114,3326,65932,0,0
2021-03-18,98,52544,88,2096,12221,38277,5,1684,59,729,320,41900,1022,3294,347,37461,22411,88343,0,0
2021-03-19,73,52617,56,2152,12182,50459,1,1685,58,787,139,42039,1802,5096,198,37659,21782,110125,0,0
2021-03-20,18,52635,25,2177,4201,54660,0,1685,15,802,37,42076,36,5132,7,37666,8143,118268,0,0
2021-03-21,0,52635,1,2178,6,54666,0,1685,0,802,3,42079,0,5132,0,37666,3,118271,0,0
2021-03-22,21,52656,7841,10019,11064,65730,77,1762,81,883,3871,45950,625,5757,98,37764,15156,133427,0,0
2021-03-23,19,52675,6892,16911,10605,76335,99,1861,72,955,3523,49473,598,6355,77,37841,14728,148155,0,0
2021-03-24,31,52706,1915,18826,11601,87936,21,1882,52,1007,2626,52099,570,6925,138,37979,18538,166693,0,0
2021-03-25,41,52747,644,19470,15306,103242,35,1917,45,1052,2478,54577,1258,8183,127,38106,23564,190257,0,0
2021-03-26,44,52791,191,19661,14047,117289,13,1930,75,1127,2537,57114,411,8594,89,38195,24046,214303,0,0
2021-03-27,6,52797,259,19920,4492,121781,10,1940,55,1182,825,57939,100,8694,21,38216,7542,221845,0,0
2021-03-28,0,52797,0,19920,5,121786,0,1940,0,1182,2,57941,1,8695,0,38216,2,221847,0,0
2021-03-29,11217,64014,65,19985,8034,129820,122,2062,93,1275,2717,60658,545,9240,5791,44007,25841,247688,0,0
2021-03-30,8164,72178,61,20046,8151,137971,6,2068,47,1322,2665,63323,54,9294,5632,49639,27426,275114,0,0
2021-03-31,11695,83873,35,20081,7823,145794,25,2093,31,1353,2702,66025,83,9377,8344,57983,27341,302455,0,0
2021-04-01,4383,88256,62,20143,8603,154397,35,2128,58,1411,2669,68694,1,9378,3998,61981,28159,330614,0,0
2021-04-02,4812,93068,102,20245,9096,163493,26,2154,330,1741,2832,71526,9,9387,3611,65592,28350,358964,0,0
2021-04-03,36,93104,0,20245,2480,165973,19,2173,52,1793,1346,72872,0,9387,23,65615,8378,367342,0,0
2021-04-04,0,93104,1,20246,2,165975,0,2173,1,1794,0,72872,0,9387,0,65615,2,367344,0,0
2021-04-05,1597,94701,107,20353,9226,175201,10,2183,302,2096,711,73583,74,9461,1523,67138,24808,392152,0,0
2021-04-06,2550,97251,98,20451,12352,187553,2,2185,336,2432,824,74407,6,9467,1009,68147,26938,419090,0,0
2021-04-07,3500,100751,20,20471,12534,200087,0,2185,173,2605,507,74914,22,9489,1718,69865,27636,446726,0,0
2021-04-08,2305,103056,53,20524,15056,215143,0,2185,106,2711,1238,76152,77,9566,2074,71939,27612,474338,0,0
2021-04-09,19,103075,449,20973,3330,218473,12,2197,83,2794,27763,103915,577,10143,205,72144,7194,481532,0,0
2021-04-10,8,103083,213,21186,8188,226661,394,2591,152,2946,10510,114425,30,10173,113,72257,7337,488869,0,0
2021-04-11,0,103083,0,21186,35,226696,0,2591,0,2946,1,114426,0,10173,1,72258,325,489194,0,0
2021-04-12,67,103150,159,21345,19704,246400,6,2597,125,3071,2060,116486,60,10233,354,72612,29788,518982,0,0
2021-04-13,27,103177,1614,22959,19482,265882,4,2601,81,3152,2264,118750,12,10245,340,72952,32646,551628,0,0
2021-04-14,34,103211,1146,24105,18042,283924,9,2610,148,3300,2294,121044,114,10359,67,73019,34280,585908,0,0
2021-04-15,115,103326,136,24241,21946,305870,7,2617,127,3427,1929,122973,579,10938,151,73170,37356,623264,0,0
2021-04-16,101,103427,6,24247,21397,327267,5,2622,122,3549,1780,124753,841,11779,244,73414,36464,659728,0,0
2021-04-17,16,103443,10,24257,19220,346487,2,2624,24,3573,1938,126691,5,11784,14,73428,14075,673803,0,0
2021-04-18,0,103443,0,24257,8817,355304,1,2625,1,3574,393,127084,20,11804,0,73428,6295,680098,0,0
2021-04-19,30,103473,1865,26122,10019,365323,2,2627,36,3610,11204,138288,147,11951,58,73486,15229,695327,0,0
2021-04-20,33,103506,3965,30087,10751,376074,2,2629,51,3661,13572,151860,69,12020,78,73564,15564,710891,0,0
2021-04-21,41,103547,2246,32333,10894,386968,2,2631,61,3722,11158,163018,331,12351,116,73680,19244,730135,0,0
2021-04-22,48,103595,158,32491,14181,401149,0,2631,39,3761,9583,172601,8,12359,75,73755,25400,755535,0,0
2021-04-23,43,103638,72,32563,14537,415686,0,2631,60,3821,9680,182281,68,12427,59,73814,26001,781536,0,0
2021-04-24,8,103646,273,32836,7242,422928,0,2631,44,3865,3378,185659,221,12648,23,73837,10906,792442,0,0
2021-04-25,4,103650,0,32836,34,422962,0,2631,0,3865,0,185659,1,12649,2,73839,465,792907,0,0
2021-04-26,302,103952,278,33114,8344,431306,2,2633,23,3888,9227,194886,57,12706,214,74053,26321,819228,0,0
2021-04-27,134,104086,18,33132,7914,439220,2,2635,27,3915,9021,203907,15,12721,125,74178,27391,846619,0,0
2021-04-28,110,104196,12,33144,7364,446584,0,2635,29,3944,8966,212873,42,12763,116,74294,27147,873766,0,0
2021-04-29,90,104286,18,33162,7849,454433,0,2635,46,3990,9080,221953,10,12773,91,74385,28370,902136,0,0
2021-04-30,61,104347,148,33310,7684,462117,2,2637,103,4093,10131,232084,13,12786,74,74459,28619,930755,0,0
2021-05-01,0,104347,0,33310,12,462129,0,2637,19,4112,4,232088,0,12786,4,74463,3,930758,0,0
2021-05-02,1,104348,0,33310,7,462136,0,2637,4,4116,4,232092,0,12786,0,74463,125,930883,0,0
2021-05-03,87,104435,32,33342,11524,473660,2,2639,53,4169,2605,234697,18,12804,90,74553,17690,948573,0,0
2021-05-04,27,104462,8,33350,12704,486364,1,2640,54,4223,2926,237623,218,13022,37,74590,17715,966288,0,0
2021-05-05,24,104486,43,33393,12109,498473,0,2640,49,4272,1581,239204,46,13068,76,74666,17584,983872,0,0
2021-05-06,18,104504,14,33407,12729,511202,11,2651,46,4318,1327,240531,3,13071,35,74701,21496,1005368,0,0
2021-05-07,7,104511,39,33446,6649,517851,26,2677,24,4342,1304,241835,16,13087,12,74713,10495,1015863,0,0
2021-05-08,3,104514,1,33447,1989,519840,0,2677,11,4353,155,241990,1,13088,0,74713,4721,1020584,5,5
2021-05-09,0,104514,0,33447,20,519860,0,2677,0,4353,0,241990,0,13088,0,74713,179,1020763,0,5
